---
signature:
  function: counter_1_2
defaults:
  radix: 3
inputs:
  variables: 6
outputs:
  variables: 6
specification: |
  000000 000000
  000001 000001
  000002 000100
  000010 010001
  000011 000002
  000012 000101
  000020 010100
  000021 010101
  000022 000200
  000100 020001
  000101 010002
  000102 020101
  000110 020002
  000111 000010
  000112 000102
  000120 100101
  000121 010102
  000122 000201
  000200 020100
  000201 110101
  000202 010200
  000210 120101
  000211 020102
  000212 010201
  000220 020200
  000221 020201
  000222 001000
specification_linear: |
  counter_1_2:3 000000 000001 000100 010001 000002 000101 010100 010101 000200 020001 010002 020101 020002 000010 000102 100101 010102 000201 020100 110101 010200 120101 020102 010201 020200 020201 001000
